Dance Score : 0.6475
-------------------------------------------
normalized_distance : 52.414453617
orientation_activity : 1.04944217858
common_orientation_point : 3.19921875
low_change_in_position : 101.851131143
full_circle_detections : 2.38095238095
